Nutrition Bars	581 861 1012 1168 1493 1708 2082 2280 2539 3023
Protein	77 238 254 392 497 521 556 1003 1238 1307
Post-Workout & Recovery	1009 6012 9986 13792 25440 31158 35028 40153 43944 44852
Amino Acids	40 175 182 387 959 1449 1494 1579 1897 2000
Weight Gainers	5568 6690 6790 16379 16727 37224 38428 43909
Endurance & Energy	24 370 656 856 1059 1060 2229 3307 4246 4248
Healthy Snacks & Beverages	2693 3847 5225 6513 10916 12408 12658 12837 13203 15936
Stationery	1613 5382 13699 24955 27277 41122 44242
Gift Wrapping Supplies	2046 3617 13160 14690 18598 19614 26832 33888 33952 34420
Party Supplies	456 781 951 1005 1491 1608 2198 4284 4392 4617
Personal Care	6 23 59 76 79 114 115 142 169 172
Health Care	11 34 37 51 57 62 80 86 88 92
First Aid	88 265 296 546 1095 1174 1229 1278 1319 1452
Massage & Relaxation	11 34 86 106 151 193 337 372 785 828
Cough & Cold	80 133 253 278 423 439 534 780 865 995
Thermometers	834 1073 1417 1642 2763 3384 4011 5223 5734 8728
Stimulants	3395 5240 5707 13416 16858 26896 29503 37164
Therapeutic Skin Care	51 3512 3543 3658 3940 5191 5351 6398 7256 7856
Foot Care	92 155 350 837 952 1382 2007 2228 2451 2488
Smoking Cessation	7885 8331 8507 13077 13873 14021 15953 22842 26948 28070
Sleep & Snoring	118 510 627 960 1308 1529 1730 1750 1936 1960
Allergy, Sinus & Asthma	369 895 1068 1076 1276 1367 1503 1653 2166 2347
Alternative Medicine	37 57 62 148 194 466 528 642 1079 1114
Stress Reduction	562 3368 4001 4371 5743 9031 12694 15789 17667 19745
Cold Sore & Fever Blister Treatments	1814 1825 4849 5072 8300 10788 20257 20922 38561
Eye Care	606 777 805 827 898 983 1147 1299 1512 1904
Feminine Care	623 695 943 956 1424 2015 2438 2505 2566 3377
Ear Care	537 876 976 1205 1817 2071 3565 3788 3945 4036
Body Art	25769 29105
Lip Care	748 1408 1511 1851 1858 2603 3106 3396 3528 3728
Oral Hygiene	23 76 114 115 142 169 203 390 413 415
Foot Care	92 155 350 837 952 1382 2007 2228 2451 2488
Shaving & Hair Removal	6 59 79 172 231 241 275 276 336 351
Weight Loss	81 112 140 206 232 291 313 609 660 680
Vitamins	123 271 309 330 740 826 883 1010 1084 1109
Supplements	7 18 46 47 58 130 135 136 197 221
Minerals	258 293 397 844 1072 1150 1557 1945 1950 1955
Home Tests	242 1056 1741 3275 3647 3686 4308 4536 4670 5684
Mobility Aids & Equipment	300 323 746 1035 1124 1145 1881 2142 2491 2738
Respiratory Aids & Accessories	2062 2259 4803 4933 6658 7264 12257 13897 15601 16932
Daily Living Aids	154 966 1082 1098 1210 1233 1361 1614 1786 1840
Bathroom Safety, Aids & Accessories	33 93 874 1204 1638 1753 1916 2262 2935 3083
Occupational & Physical Therapy Aids	493 764 1474 1903 2464 3815 4206 4276 4506 4732
Bedroom Aids & Accessories	885 1620 1873 2063 4223 4351 4473 4950 5685 6213
Diabetes Care	1281 1600 1695 2026 2391 2440 3474 4106 4288 4495
Cleaning Tools	366 389 473 481 587 661 714 1138 1164 1176
Household Batteries	32 124 161 274 315 696 727 819 879 880
Laundry	26 74 78 240 262 298 461 500 525 613
Household Cleaning	49 305 358 621 654 674 729 1122 1127 1322
Paper & Plastic	103 119 178 211 495 600 624 741 754 775
Mirrors	617 1932 3325 6220 7101 7715 10848 13015 17340 18913
Hair Coloring Tools	139 3416 4233 4857 5766 8818 14363 16800 22581 23348
Nail Tools	63 163 179 201 209 268 294 331 349 416
Makeup Brushes & Tools	71 250 317 332 333 494 790 846 868 916
Bags & Cases	3498 3525 4270 4889 5256 5592 6078 6166 6745 6798
Nails	8 13 110 170 360 437 442 529 572 589
Makeup Sets	759 1264 2155 2747 5682 5893 6114 8143 8163 8352
Body	27 111 149 173 355 356 382 388 424 555
Lips	55 345 471 1048 1140 1214 1236 1331 1551 1553
Eyes	45 54 95 102 120 121 132 146 302 378
Face	3 29 36 43 60 82 87 126 214 223
Makeup Palettes	4365 6554 7677 13278 22798 24025 24780 25945 36771 36847
Sets	
Bath	66 141 143 198 208 284 288 363 404 406
Bathing Accessories	162 1100 1751 2442 3058 3287 3473 3784 4327 6826
Scrubs & Body Treatments	1 886 1357 1457 1862 1890 1964 2416 3041 3224
Eyes	45 54 95 102 120 121 132 146 302 378
Face	3 29 36 43 60 82 87 126 214 223
Body	27 111 149 173 355 356 382 388 424 555
Hands & Nails	335 379 488 855 957 1119 1161 1538 1573 1717
Sets & Kits	3859 6504 8766 12974 14384 15316 15978 25933 27934 29554
Sun	2 177 279 571 597 626 911 945 1067 1080
Hair Color	187 736 1752 1781 1874 1966 2284 2328 2403 3292
Hair Loss Products	282 744 1106 1270 4439 4545 5899 5952 6933 7087
Shampoo Plus Conditioner	2976 10587 18806 28623 36876
Hair & Scalp Treatments	50 434 713 968 1024 1074 1184 1441 1485 1497
Styling Tools	90 125 204 239 257 287 380 414 427 469
Shampoos	261 269 455 776 808 942 1036 1085 1806 1826
Shampoo & Conditioner Sets	425 1822 1852 2216 3612 4337 4838 5096 7277 7662
Conditioners	137 212 215 247 368 568 628 659 784 850
Styling Products	42 150 152 299 304 310 538 596 635 703
Decorative Pillows, Inserts & Covers	252 1260 1627 2533 3603 3730 4266 5070 5874 6829
Kids' Bedding	1581 3988 4711 9332 26356 26522 29890 31518 33026 33032
Feather Beds	32156 33181 39472
Blankets & Throws	612 1004 1135 1171 1243 1587 1704 1722 1833 2237
Bedspreads & Coverlets	1706 18708 19040 22253 22395 27219 30524 31321 38350
Shams, Bed Skirts & Bed Frame Draperies	171 643 1166 1836 3426 4968 5610 6619 7100 8411
Bedding Accessories	2968 4554 5169 9922 10438 11264 11514 13023 15078 15088
Bedding Collections	
Feather Bed Covers	1736 5056 5275 20486 21540 33868 36193
Bed Pillows	67 410 539 717 797 978 1334 1765 1938 2012
Laundry Storage & Organization	435 807 841 954 1346 1360 1378 1665 1679 1697
Home Storage Hooks	391 482 894 1937 2659 3823 4537 4540 4558 4755
Clothing & Closet Storage	22 116 127 166 237 270 273 579 662 712
Baskets & Bins	658 1030 1156 1450 1896 2808 3839 4219 5047 5287
Racks, Shelves & Drawers	134 810 2388 2601 2797 3598 4194 4556 4677 4952
Bathroom Storage & Organization	28257
Food Service Equipment & Supplies	104 1384 8727 11365 12936 15064 15364 25012 25876 26779
Water Coolers & Filters	339 622 632 724 1039 1208 1248 1261 1940 2058
Kitchen Utensils & Gadgets	9 14 19 35 38 52 56 64 68 69
Small Appliances	15 17 21 105 216 234 235 249 286 311
Dining & Entertaining	28 97 128 147 189 205 222 248 259 289
Kitchen & Table Linens	72 267 524 580 636 747 940 973 998 1212
Storage & Organization	5 10 16 22 30 91 101 116 127 134
Wine Accessories	1844 2758 3133 3669 3947 4708 5986 7406 7528 8246
Small Appliance Parts & Accessories	44 191 220 290 479 484 585 631 644 1081
Home Brewing & Wine Making	371 399 1209 2168 2476 3328 3732 4113 4245 4726
Air Conditioners & Accessories	787 1129 1177 1427 2101 3354 4235 5289 5341 6341
Space Heaters & Accessories	395 641 889 924 1222 1688 1779 1900 1988 2126
Household Fans	85 365 508 849 1160 1167 1371 1828 1889 2138
Home Office Furniture	338 503 1785 2067 2413 2800 2868 3063 3519 3591
Kitchen & Dining Room Furniture	625 1574 1694 2516 2621 3184 3551 4328 6049 6246
Bedroom Furniture	41 129 486 708 939 992 1190 1282 1381 1505
Replacement Parts	25329 26737
Bathroom Furniture	1159 6008 20402 20825 35126 39949 41319
Home Entertainment Furniture	779 948 1186 1481 1621 2163 2459 2469 3015 3286
Other Furniture	1444 4629 6814 8069 8557 9541 11045 12910 15527 16995
Home Bar Furniture	1884 4252 5443 9406 10496 10725 12238 13288 13935 14802
Living Room Furniture	218 412 718 1870 1926 1972 2282 2939 3266 3633
Kids' Furniture	792 1377 2352 4070 4534 6935 6958 7347 8309 9174
Carpet Cleaner Accessories	12223 22959
Vacuum Accessories	89 144 906 1034 1037 1055 1207 1617 1641 1643
Steam Cleaners & Accessories	575 637 672 1071 1189 1327 1893 2265 2430 2462
Carpet Cleaners	164 362 563 687 1163 1259 1379 1446 2333 3025
Vacuums	12 48 65 83 109 186 245 246 255 272
Irons	99 229 511 1390 1616 1789 2277 2553 3282 3613
Ironing Boards	3892 5873 6551 6877 7138 7470 8335 9037 9803 10207
Ironing Board Covers	2211 2510 10310 11429 11674 11976 14663 18837 20261 20778
Garment Steamer Accessories	3921 16993
Ironing Accessories	4094 4110 9981 11630 14544 16152 17392 19304 21978 28758
Garment Steamers	195 343 1049 1329 3900 4089 5301 5608 6336 6412
Towels	634 1058 1065 1250 1471 1684 1724 2266 2850 3817
Bathroom Accessories	66 141 143 198 208 284 288 363 404 406
Bath Rugs	2665 3217 3767 3808 4417 6208 6616 7566 9171 9275
Pegged Puzzles	878 1510 2371 3625 5015 5374 5553 5791 5825 6294
Puzzle Accessories	965 6841 9768 24607 25584 31802 31914 32188 38181 39601
Floor Puzzles	1800 2714 4402 5491 5642 6127 8011 8596 9277 11549
Dice & Gaming Dice	1041 1735 10590 11407 15960 21586 22226 23199 23334 28117
Game Room Games	122 884 1262 1829 5624 6178 6566 9609 10097 11937
Trading Card Games	1520 3449 3502 3648 6863 8184 9702 10817 11614 12355
Game Accessories	813 3060 3850 12308 15291 19167 20027 22635 23440 30281
Game Collections	1853 9873 29903
Tile Games	1888 12635 20559 21016 21742
Board Games	316 506 526 530 532 582 630 640 678 745
Battling Tops	533 10429 22969 24720 26598 28598 35932 36387 40031 40043
Card Games	70 1280 2136 2557 3190 3247 3345 3518 3878 4297
Stacking Games	3162 3798 3983 5948 10987 15841 20841 22161 38013 43274
Standard Playing Card Decks	2966
Floor Games	12783 20848 22115 25698 38574
Travel Games	4414 10677 11294 12616
Play Vehicles	158 489 689 863 1063 1117 1158 1289 1492 1876
Play Trains & Railway Sets	53 266 1618 2114 2178 2739 3493 3555 4010 5495
Die-Cast Vehicles	5224 5298 8836 9586 12859 13635 34297
Pull Back Vehicles	8815
Electronics	41374
Solar	3259 6586 13921 18700 19705 23594 34863 37258
Basic & Life Skills Toys	184 566 720 1555 2999 4496 5686 6029 6644 8257
Early Development Toys	145 190 342 463 950 1796 1847 1895 2061 2110
Science	207 422 615 686 700 984 1020 1294 1703 2001
Flash Cards	5294 16909 17612 26879 40440
Habitats	4618 11925 22338 28049 28217 28639 30971 31164 32230 34006
Geography	6572 24043
Musical Instruments	629 840 1053 2273 2691 2971 4075 5770 6050 7288
Mathematics & Counting	1141 4447 4458 5179 6267 7252 7912 8470 8960 9443
Reading & Writing	3386 4743 4754 5007 6261 7814 8794 8929 11047 12527
Teddy Bears	4128 8789 9403 21492
Animals & Figures	264 320 739 832 931 1484 1675 1793 1971 2289
Puppets	3497 4164 4582 10352 11837 14098 16442 18167 23347 25222
Plush Pillows	2115 5737 10120 10202 10904 11978 16605 19528 19589 21501
Plush Backpacks & Purses	2024 5101 33067
Plush Puppets	593 4056 4229 8478 17069 21760 33524
Drawing & Painting Supplies	108 226 502 897 1086 1274 1386 1490 1534 1539
Easels	2833 6285 7839 9328 11387 16501 17547 17977 18510 19444
Clay & Dough	955 2113 2597 2845 4596 6186 6479 6493 6905 9182
Beads	2066 24721 26488 31603 38642 44627
Printing & Stamping	7864 9371 10413 26222 28155 28688
Glue, Paste & Tape	6674 22810 30878
Drawing & Sketching Tablets	4656 5497 9410 10203 16704 19315 23004 28492 29273 38590
Craft Kits	4 61 327 1083 1480 1768 1872 1901 2224 2669
Beauty & Fashion	1558 2869 3300 3306 5019 9238 13907 16297 21446 23891
Pretend Play	25 98 107 312 352 448 816 919 935 975
Gardening Tools	2353 5703 6258 11497 15762 18563 21821 23167 25816 32542
Sports	227 2004 2816 3206 4352 4845 5415 6305 7185 7246
Pools & Water Fun	402 749 871 2095 2102 2460 3146 3646 4761 4955
Bubbles	1104 2561 2725 5559 5688 6069 10596 11646 14151 16885
Marble Games	14687 20474 30633
Play Tents & Tunnels	4213 4387 5942 10631 10719 13869 14217 14321 15019 15184
Sand & Water Tables	4790 13360 17132
Play Sets & Playground Equipment	774 3338 3552 3778 4501 5255 9120 10164 11536 14917
Ball Pits & Accessories	5944 11501 26309 30113
Playhouses	6440 16807 33329 39440 42717 43114
Gag Toys & Practical Jokes	1148 8946 10086 11300 12846 21238 25067 25508 26209 27253
Novelty Games	2580 7064 13819 14897 18646
Flying Toys	11018 26247 30734 40388
Nesting Dolls	260 22029
Miniatures	24365 26894 29916
Magnets & Magnetic Toys	43219
Spy Gadgets	5823 12529 18641 22670 35658 41210
Wind-up Toys	33055 34236 39883
Light-Up Toys	847 1504 4800 5458 5489 5970 6259 6756 7056 9006
Toy Balls	4173 9836 11330 12385 18677 18881 24521 30189 33361 34153
Magic Kits & Accessories	459 2735 2762 2936 5247 12150 13217 13695 14761 18830
Puzzles	878 965 1510 1800 2371 2714 3625 4402 5015 5374
Action & Toy Figures	96 1743 2343 2651 3515 6022 9684 9719 10307 11072
Games	70 122 316 506 526 530 532 533 582 630
Novelty & Gag Toys	260 459 847 1148 1504 2580 2735 2762 2936 4173
Models & Model Kits	30208 40335
Coin Collecting	33552 36506
Rockets	16236 41796
Slot Cars, Race Tracks & Accessories	8303 34540 43467
Hobby Building Tools & Hardware	16073 20971 22342 29166 31043 44169
Balloons	456 1005 5281 5949 7766 9188 9842 25660 26435 29098
Cake Supplies	781 1608 7058 33553 44337
Party Favors	951 5245 5508 7141 8334 9170 10824 11061 12468 12978
Party Hats	1491 14285 21400 29181 34693 42660
Party Games & Crafts	4617 9018 10430 12862 24514 36721 41067
Noisemakers	4392
Party Packs	
Building Sets	75 181 297 324 344 377 408 496 860 903
Gear Sets	11329 12546 34241
Stacking Blocks	196 1146 1406 1660 1898 3165 3659 4737 5551 5984
Marble Runs	18507 27725 28855 33823 35007 42991
Electronic Pets	4265 6804 7214 7257 7590 13770 16618 17054 18680 28388
Systems & Accessories	651 668 848 1096 1097 1336 1532 1745 1921 2119
Electronic Toys	669 1007 1178 1380 1680 1820 2251 2405 2435 2519
Personal Video Players & Accessories	27177 29211 29660
Plug & Play Video Games	84 2079 3539 4030 4486 5994 6553 9970 10726 11092
Accessories	2087 3366 3409 5500 7223 8085 10003 10004 10644 11464
Action Figures	0 183 185 357 436 540 594 988 1070 1169
Doll Accessories	887 1269 1344 1404 1486 2049 2344 2626 4132 4700
Dolls	20 168 236 446 453 474 487 536 701 709
Condiments, Pickles & Relishes	24479
Herbs, Spices & Seasonings	1894 2151 2628 3733 4951 7041 8136 8361 9438 13482
Packaged Meals & Side Dishes	14205 40565
Jams, Jellies & Sweet Spreads	9076 14303 26033 26818 27962 28886 35567 40266
Canned & Jarred Food	16290 37614 39348
Coffee	953 3047 3425 3610 5849 6047 6602 12027 19620 20593
Powdered Drink Mixes	6411 8226 27149 43741 43987
Tea	2022 2201 2455 2541 3491 4326 4385 5673 5875 6964
Juices	28545
Meal Replacement Drinks	31 5520 10490 17688 25306 26051 31193 39972 43595
Energy Drinks	3746 37160
Hot Cocoa	35893
Soda Syrups	6689 7859 15995 20558 36738 37535 38930
Fruit Leather	3035 25031 30602 30980 34502
Crackers	1990 25632 33160
Fruit Snacks	13965 19570 25898 33283 43864
Baby Formula	452 2571 3501 4176 6773 9936 10355 12130 17331 21485
Beverages	31 953 2022 2201 2455 2541 3047 3425 3491 3610
Fruit	9814 15200 35463
Cooking Oils, Vinegars & Sprays	210 1670 5159 5184 6736 8208 8436 11347 11537 12372
Sugar Substitutes	6095 8120 16892 19734 23942 24385 28146 29694 29823 30620
Flours & Meals	12139
Frosting, Icing & Decorations	4863 25872
Nuts & Seeds	39 7194 9419 11831 16765 21803 25417 29416 38415 38431
Cereals	
Breakfast & Cereal Bars	18033 26438 32103 36244 38073 44087
Chewing Gum	3405 4063 4750 10756 12674 16804 29498 33353
Assortments	
Caramels	6424 17760 20295
